1919038902 -1558629262
433
559618304 -2127018585
1061266975 -1376905341
728397032 -1818070184
1434275747 -1401945092
505126402 -2045127970
1637908793 -726556682
41406162 -1653131021
28434483 -1039105950
186252916 -1232371004
216492817 -1333797584
1233353767 -2086539383
351303986 -13795187
1285403046 -8155625
1845511254 -1660827881
752319100 -1938875096
686332548 -458691366
1784125127 -1030207445
2017412563 -2012556310
1335594539 -1339322445
152620823 -636213682
1533591409 -817771141
2103073101 -973264431
1295423144 -996814542
1757236146 -1249982160
1171551113 -902035148
2035655955 -1785536284
1050433024 -1897440340
823381485 -1363656543
548957288 -392004875
865921349 -492122152
1936349454 -1640125849
909648664 -1229688926
47614997 -1472097213
607970059 -1842934096
1274346571 -1087171503
947891007 -650790190
1973876272 -1797448051
1550861252 -448882372
1201834440 -718616901
535434959 -1850795587
630350118 -858972926
381775300 -89527905
1602086687 -1204679878
1469808649 -2067761191
1104585315 -1294961398
158482526 -1921997956
698564915 -199439646
761193539 -1593498448
333581399 -1266473618
2028488522 -2001388720
730228616 -1903570260
544369614 -2136293463
2085601994 -627434954
514808271 -327072409
1502795475 -1325764157
628199054 -850585738
1266082727 -1595410070
1526574169 -2065917531
467417375 -2082061024
1422342106 -1049629537
1484096394 -213173896
429748789 -703931641
1384255551 -1353838588
1147603355 -1183910453
346960067 -981847219
2081088047 -370776148
256389590 -2000172763
1223385943 -692518601
588018558 -398148339
1584531595 -1112203481
1718918185 -1405361401
770603799 -1662832817
29870776 -537195985
1278487647 -378003529
342365457 -1014486311
357227720 -483911533
1697787571 -806816608
1001995617 -1656711227
1643669872 -943369778
1889625915 -2068347659
653067279 -2047344228
356379662 -1861822243
2107053567 -211794825
483055806 -48103860
770973511 -1636427481
53152029 -633210427
2136441869 -1189123855
22196594 -56598779
1645188494 -715260532
501565814 -436509135
961013785 -929860560
376045651 -1386441377
1550280421 -2140476449
1265883444 -1272558502
647552280 -466352456
277923490 -1189239491
2028856361 -1868996856
314749594 -2024073948
1364401594 -758287075
940124198 -644383418
59796919 -270971733
235559694 -238952328
1249002217 -1271193513
1017219295 -748544654
2101615868 -638441530
715749805 -1834801438
1060543560 -1757368877
1604224093 -1383827707
1537795108 -1396863434
1620377062 -1653298773
1678723262 -768644451
1978031600 -1676778512
1153835493 -1279725995
1014074235 -485516146
1688085351 -1579552424
632138921 -1254038030
1925290002 -749396399
1240967673 -2087273127
373345787 -772194375
765522610 -651096803
1228944301 -185660016
505415539 -1816727045
1767723711 -1011933827
1040962991 -219015904
1274289809 -1096961811
649806216 -41901214
891220790 -1526561244
1651918841 -152428599
885806959 -854845972
1783384816 -1876080940
2101842688 -1267885978
669428267 -107406533
600294090 -482383657
899963556 -567770327
1365637368 -631557141
146090996 -2130822348
1448033374 -138202145
1376738619 -62819968
737614659 -1935993424
872807888 -190168367
1457107094 -2139652987
1208925495 -1617036390
1543391022 -771291828
790563966 -1048970415
82898648 -4341444
48613713 -1216869561
1571222085 -703863675
897464272 -1241404888
2063595968 -711169725
1774635954 -2113389977
1614241670 -2011224846
624916942 -1868907988
1718134650 -1152083855
1913136048 -698629773
1719255569 -1402466121
1953448801 -426797801
45834716 -1418232110
1122778046 -1798271672
577146366 -1353552145
932719507 -427311206
807074013 -2031859568
53234917 -1735639043
1465374992 -1876470716
1013681015 -1312711518
1160520635 -170929369
1109261403 -410871389
59635150 -1018652471
630966477 -209314129
917360487 -827991579
535684968 -1049841203
1378572509 -1466439882
1583706827 -520688080
836252035 -1906748788
1499485168 -829686510
1482127461 -1663553739
1308658034 -18841558
1037843922 -266031235
2118589066 -637178547
930235783 -985671826
1430235272 -432038821
2043609172 -608875318
1665187132 -1965035353
1265670901 -211566052
1155587436 -937220233
344218569 -719905067
1890373127 -1721897211
1179258073 -195621506
782400633 -251052984
1796746815 -369983447
1976199986 -746986737
793991076 -296965767
648804793 -1875417846
278163488 -2055952535
518490669 -1052232957
1091475764 -2088611070
1721762421 -1960924468
1560592649 -1667408270
1785757234 -1199217177
303136106 -1704339904
977809164 -65750760
1927700428 -355239505
1917036797 -892926118
1424492770 -152265239
63689573 -1879842906
1152118695 -743338506
143762610 -154509724
1385010018 -1111219545
1894363705 -1281533396
2050169626 -495860006
855490598 -1246563582
274018454 -349797725
1169403779 -1442868925
1462100839 -412756283
475366637 -925089922
1061176742 -325264830
1695369833 -1390550520
2108940304 -1153414686
1816264418 -1943880377
742028470 -1057058230
1604701670 -2080916305
1711953041 -1358231885
909606529 -2042317739
1530882322 -8612662
959682749 -1488305325
94924434 -1528554869
1849107166 -1490326126
2038471724 -1251129199
1712313416 -626703608
919351081 -771103755
155044089 -860036184
1879652640 -71271411
314781255 -1529181809
581727985 -997940659
1558248643 -991481920
1815199926 -499090019
1053797768 -1934408841
15741180 -553517081
2102642964 -216858057
831283568 -2147303459
1310933545 -4842344
456816490 -1761655552
1365039998 -459961371
1208914106 -109899946
49447264 -1707425268
1506439598 -1313841719
2018638974 -51413973
856067113 -2080259366
1024399413 -1004074397
1504787405 -111466719
1942988065 -1889228884
53299248 -364577873
375314874 -523003054
1095584016 -1298809933
505965476 -77529252
831893274 -16823277
666016657 -1371832672
1469238743 -593655997
2077675492 -846290431
300535737 -1863688223
168369249 -2077608969
680577026 -1780441542
1234972167 -1896018
520301985 -508156561
1401663004 -612192897
1970516234 -898673560
1237668188 -977472410
1761428235 -654335591
1205162358 -836848854
808731483 -1012172263
36612630 -1111116915
1847081248 -610112964
618723366 -87276994
1644551313 -201512262
2071408323 -1000868470
1854699584 -1039938483
655572573 -1020146447
104032484 -468542771
1063526331 -1350943028
122214123 -1885187319
1773276046 -1286850144
1033173086 -831878768
2004743146 -1924771416
1004529874 -397820947
1589195677 -1944039244
202863093 -1992491440
1863211315 -324743150
633779810 -997146299
858646860 -2113773251
281620491 -1465509756
1568425490 -1321984914
1786780902 -2083120383
97105287 -1592851695
556216702 -74992829
41233092 -174451088
1727535255 -742561971
791809553 -643389193
475909416 -1276972891
533486783 -1643482902
2004576115 -986462492
44433999 -1935300189
1770533732 -281921747
174739405 -98763992
1424904609 -1126606466
1031030759 -420220388
2040663247 -777449326
1260581755 -434420267
1542160914 -1892385554
1655869004 -1619992493
225021888 -1700382639
1045082296 -953718738
1258399755 -1329621751
1741967144 -864632400
47566412 -297318052
1895392713 -1830931699
65136427 -277534549
624445558 -1393884889
1918449210 -701724447
1280849517 -1398609729
995618807 -1016393659
765260837 -25111592
990062577 -1263640634
2083042958 -2033797563
1373672553 -924376686
287177896 -467210679
557837660 -1970865282
1315469894 -278349424
990530946 -1947769024
332313160 -1710794091
1967778037 -2136258611
188489360 -700547442
1871350005 -358822225
163301376 -1526398216
889160445 -1138516287
451763579 -1772864918
372585807 -1889373876
1317615219 -712215845
2110405723 -1987555871
990918187 -112606628
83617367 -744847521
369726527 -1016093559
933185939 -481126949
2018329079 -1355386528
270204716 -1270997722
1135823363 -860569122
1975389764 -804339377
271375856 -2127347044
2112523089 -1398812775
1006521087 -1186512042
1779586128 -633504765
1253937146 -1033884263
2028860698 -814006237
2024650534 -240684542
789263314 -1324600517
1895236543 -550014256
114066819 -586428836
1357743984 -492212665
2146821509 -2053603093
1610343808 -1276073194
540542385 -36638086
633631989 -954353681
275650437 -491843086
641340993 -446494905
1446843266 -24600729
136729866 -258917346
722369290 -1182371615
1073546455 -627493456
1812359960 -862802805
271613160 -1701035230
1697042302 -864465456
549210092 -331662383
1400941197 -1151543574
1385080056 -263922458
13623297 -263610770
1494447579 -2102933386
363256444 -68666961
1240035086 -1517720286
2009833435 -266475758
1708630985 -1558111429
2112943619 -1075745491
47409777 -1619625620
1939612348 -1522549682
1428276939 -1515369152
1342473201 -331330012
1866576676 -1603695807
1678332523 -1232685236
652630555 -2101661367
2084797176 -845220024
2074829938 -730291874
557702204 -1993636606
446096617 -363906865
2121991000 -16863475
1031690273 -222555494
598158112 -532487687
1003647752 -2096263876
1589700100 -1145356204
1909449436 -1058577382
1453443028 -343560091
664644292 -1128775717
1305387050 -2079873909
744486156 -1509020273
139605568 -625532271
1277118905 -2019774703
891301307 -1397052466
1497673882 -1046490222
265171961 -533144560
127340735 -831158516
1462555799 -675853058
683516001 -503650242
1519868268 -1802410359
2041135660 -2010633349
949978321 -73135044
2083340870 -1505753952
1485532487 -917434043
1608330431 -564645647
2035249792 -22085735
1269786997 -873987868
75329791 -484695438
1814652972 -1788443811
1528950354 -271929015
105845777 -121346377
1237592363 -574895208
1073024329 -799875218
761488794 -1238386494
1558260030 -679075363
144932462 -72858334
278355538 -1471607311
700950046 -948684442
827170449 -90810158
310400249 -432313365
137050097 -796527694
1392429600 -1763579817
2111432115 -888355200
610800832 -1554846277
